.Random.seed <-
c(403L, 10L, 623486937L, -2138634261L, -849084838L, -24881124L, 
1905050911L, -1002789515L, 1193489420L, -1135897118L, 1626187453L, 
-1915133641L, -531552802L, -619447528L, 831189627L, -30818279L, 
650868904L, 2144156246L, -1625250095L, 2100373123L, 448560402L, 
-2145064796L, 1627768935L, -173381187L, -1331092684L, -794269542L, 
677719781L, -1580889985L, -520666618L, -1148260976L, 1503719475L, 
-121282607L, -206670464L, 1081808990L, 821295017L, 979725915L, 
-1162218902L, 1652801292L, -295569073L, -812776955L, -292007748L, 
-710403694L, 952963725L, 2142068935L, -2025966162L, -1183694840L, 
1605858315L, 1762267369L, -1722052680L, -2071369626L, 2067732737L, 
-1277497453L, -332275646L, -548722700L, -290065929L, 1703425517L, 
1044575876L, 68716714L, 1408161301L, 742746799L, -1749073738L, 
788094688L, -1249263069L, -1231409855L, 1388507184L, 444844622L, 
649653945L, 562731723L, -220333190L, -278443396L, 1352244927L, 
77842325L, 1923719084L, 1890180482L, -1369611427L, -535155113L, 
-1772163778L, 1066622328L, 1096109659L, 433957305L, -2014028792L, 
-1860311370L, -1063701007L, 142003235L, 1703036018L, -1576200508L, 
-1368100729L, -354298787L, 1731435092L, -1641426822L, -242863163L, 
-466016993L, -1601575770L, -821053904L, -1672188717L, 1795375857L, 
1831178784L, -287959874L, -1414750007L, 2081284731L, -1733826486L, 
1131108524L, -837156945L, -1376703643L, -2105933540L, -1664587406L, 
-1657374227L, -2087727577L, 1812602446L, -539458904L, -2039545685L, 
-784643639L, -240122408L, 992031878L, -892921503L, 1709128947L, 
-1129528478L, -1322922540L, 1508722903L, 477731533L, -1702745500L, 
-556244918L, 2021770677L, 685762831L, -1293429226L, 528199872L, 
1331734147L, 1190380193L, 1431372944L, -751923346L, -139556583L, 
2030373291L, 708298650L, -1830561956L, 522765919L, 572085813L, 
1485084108L, -1442532062L, 2037997437L, 1246409847L, 1510099358L, 
-1946574760L, -1379353157L, 605500249L, -148504344L, 1425719574L, 
615490193L, 289443651L, -2082231726L, -17621788L, -194148569L, 
-1152638083L, -1563388300L, 1277380698L, -2057539419L, -1139969345L, 
1247586630L, 1444626384L, 206092787L, -2002905839L, -88829632L, 
2085716254L, -1409911319L, 632420123L, 1371619626L, 602724940L, 
-792033777L, -142792379L, -1968655620L, -749115054L, -1826488627L, 
-486205817L, 129565038L, 904420168L, 883318603L, -1186060631L, 
-1485947912L, 1978778406L, 1560503361L, 1624401363L, -646297726L, 
311888820L, -1668332745L, -752188883L, 561144644L, -730118038L, 
1783198421L, -475968401L, -647281290L, -542495072L, -1379308701L, 
67158017L, -987477136L, -966991090L, 2005704057L, -1339361013L, 
-1111987654L, -1299578564L, -1863627137L, -32746027L, -1383773204L, 
2042064194L, -2121510243L, 1637695255L, 1447042686L, 88661560L, 
1036921115L, 951307897L, 9538248L, 1466366710L, -239701199L, 
-1891261597L, 234551602L, 1670515332L, 1594697415L, -909513315L, 
1215359252L, 1999128506L, 383529477L, 1693492191L, 1976080998L, 
1323881968L, 1258656531L, 242973873L, -1213382816L, -1399300866L, 
259685513L, 1052588987L, -825076342L, -1117199940L, -1057256398L, 
1455705920L, -1249596748L, -1506235064L, -117803334L, -623797488L, 
-203405076L, -637359020L, -1293810926L, 1912073632L, -747915316L, 
-644740256L, -1717089086L, -1997856216L, 365378988L, 1916928828L, 
201863026L, -1716781264L, -206250972L, -1448480200L, -203323686L, 
1023173520L, -2126302980L, -1808438892L, -2059060414L, 244929024L, 
-1883392964L, -1024406960L, -1838517086L, 1414227784L, 1474717196L, 
-1893656868L, 2126962770L, 1888055424L, 306303828L, 1625322472L, 
-2066058502L, 986353488L, -303288276L, -1883786892L, 1893051026L, 
241422944L, -106537844L, -848409248L, 1299701986L, 239597736L, 
-1743756596L, -722106884L, -1845004366L, 41168880L, -390185532L, 
1819748696L, 358346106L, -1821286992L, 733174204L, -1112741292L, 
1882213826L, 1787423520L, 647056316L, 1967895632L, -859932702L, 
-1986815128L, 388097868L, -342263044L, 31601394L, 122147072L, 
-763169676L, -264848888L, 1182818746L, -947234352L, 2061374444L, 
848050068L, -2076351278L, 1938960480L, 1875876172L, -1943126240L, 
1526088322L, 1856287208L, -1046248468L, 560414268L, 676393586L, 
-1835927696L, -1396915932L, 1396506168L, -1575187046L, -1811032624L, 
-2039189060L, 1299782292L, -1214671230L, 1844091328L, -1368383684L, 
1921459856L, 1249731362L, -1348014584L, -612030708L, 1381400476L, 
492451858L, 1114989440L, 649969428L, 1233299752L, -2004133830L, 
1966835664L, -491085204L, 627434548L, -2015548270L, -74115744L, 
-1071201972L, 345326048L, -2007025758L, 1190600616L, 1996958860L, 
1376545724L, 960610418L, 1594340336L, -1223188412L, -211291048L, 
2054023226L, 950468720L, -1846236612L, -703239404L, 1020313282L, 
73719520L, 1008575612L, -1965018928L, 796607394L, -41500120L, 
-328065780L, 1817447356L, 1677208882L, -283876160L, -1058914764L, 
-1410709816L, 2109574842L, -1895593840L, -932861204L, -1237319084L, 
927803026L, -1755202784L, -2057487412L, 93000928L, 115645122L, 
678953000L, 1049027500L, -935177540L, 479419890L, 1038659120L, 
-602814556L, 2104419768L, -30865574L, 589482128L, 1634075516L, 
203479828L, -1849663166L, -127024384L, 2115790780L, -796179632L, 
-1986958046L, 957150792L, 238798860L, 2132453468L, 1129673170L, 
-1905733120L, 37624148L, 1157907688L, -141296390L, 1719328464L, 
-1992841940L, 1572038900L, -2108404334L, -1268076192L, 80973836L, 
-321464608L, -1192539550L, 447735464L, 1755137612L, -602086532L, 
1350739250L, 1260656240L, 230173508L, 2078172120L, -653136006L, 
-1694488016L, -173511748L, -1040559532L, -1790663614L, 192004256L, 
-1595581764L, 459324880L, 954189666L, 1165429480L, -311118644L, 
-1660875268L, -1800341006L, 115914368L, -1740671500L, 1458000520L, 
-1045938374L, 260783952L, 1500560492L, 1850422676L, 731972690L, 
-204842528L, 1474759884L, -743389024L, 1173752194L, -40183576L, 
2076556012L, 564880700L, -1981520782L, -1723134864L, 135345188L, 
-2031955912L, -198532326L, -101587760L, 86643516L, -243597420L, 
1872066434L, -865014336L, 1640149564L, -2046076528L, 431510050L, 
1905872136L, -254090612L, -1780316388L, 1192536210L, 1270221184L, 
-981655612L, 536077045L, 785766239L, 1315142072L, -1549762410L, 
1123927715L, -1945786267L, 1796726146L, -1444012304L, 1739313817L, 
1918326411L, 1174476668L, -1403102806L, 120811999L, -776353943L, 
-292982914L, 1544107884L, -852464707L, -704431993L, 1321161840L, 
-782815474L, 409064507L, 832879389L, 1408897482L, -407807256L, 
918228433L, 1008648131L, 1562003652L, -862603406L, 547564103L, 
1171544593L, -1592495210L, -2076084492L, -2030479227L, 1544236495L, 
-348530488L, 267096422L, 876700563L, 384814325L, 890178770L, 
-999695584L, -1626836215L, 1726059579L, 881924492L, -503451622L, 
-1541882737L, 951575513L, 1241736302L, -687437828L, 163405165L, 
379844375L, 242607840L, 1266914494L, -422190453L, -138696435L, 
-888439494L, -1008452232L, -2091550943L, 2037428179L, -1818855692L, 
360130434L, 576769559L, -1751816991L, -1472937434L, -1214651612L, 
-691426347L, 1107651455L, 1609338392L, -1451731658L, -367957053L, 
-223268347L, -1288533598L, 1979501968L, 823901497L, 1445222891L, 
-381764900L, -695484662L, -36883969L, 1520556105L, 1090056670L, 
1602328972L, -1917815459L, -1708296857L, 1712465552L, 355666094L, 
1542465883L, -339346115L, 959778730L, 974997576L, 1760993393L, 
1158262243L, 1287727332L, 1962091538L, -2097328153L, -104187983L, 
394013174L, 1161090068L, -1407988955L, 317443119L, -1307009560L, 
1594882758L, 1105109875L, 370748373L, 708252594L, 1828029824L, 
27131241L, -1600376357L, 415537452L, 188275514L, 1491834351L, 
1844039801L, -2046518514L, 1973309148L, -1593524915L, 329609399L, 
194570816L, -1021611234L, -1900430869L, 1794864493L, 333798362L, 
-1428697704L, -717720575L, 1081435571L, -1055118124L, -2124940830L, 
-1226419081L, -975566399L, 1374270278L, 1285987972L, -1275213771L, 
-302622689L, 281780088L, -451324330L, -2052101405L, -1545302875L, 
